2112
-2112
2212
-2212
12112
-12112
12212
-12212
1214
-1214
2124
-2124
22112
-22112
22212
-22212
32112
-32112
32212
-32212
2116
-2116
2216
-2216
12116
-12116
12216
-12216
21214
-21214
22124
-22124
42112
-42112
42212
-42212
31214
-31214
32124
-32124
1114
-1114
2114
-2114
2214
-2214
2224
-2224
31114
-31114
32114
-32114
32214
-32214
32224
-32224
1112
-1112
1212
-1212
2122
-2122
2222
-2222
11114
-11114
12114
-12114
12214
-12214
12224
-12224
1116
-1116
1216
-1216
2126
-2126
2226
-2226
21112
-21112
21212
-21212
22122
-22122
22222
-22222
21114
-21114
22114
-22114
22214
-22214
22224
-22224
11116
-11116
11216
-11216
12126
-12126
12226
-12226
1118
-1118
2118
-2118
2218
-2218
2228
-2228
3122
-3122
13122
-13122
3124
-3124
23122
-23122
33122
-33122
13124
-13124
43122
-43122
53122
-53122
3126
-3126
13126
-13126
23124
-23124
3112
-3112
3212
-3212
3222
-3222
3114
-3114
3214
-3214
3224
-3224
13112
-13112
13212
-13212
13222
-13222
13114
-13114
13214
-13214
13224
-13224
23112
-23112
23212
-23212
23222
-23222
3116
-3116
3216
-3216
3226
-3226
13116
-13116
13216
-13216
13226
-13226
23114
-23114
23214
-23214
23224
-23224
3312
-3312
3322
-3322
3314
-3314
3324
-3324
13314
-13314
13324
-13324
3334
-3334
-211
111
211
221
223
-213
113
213
10221
311
321
331
313
323
333
10313
10323
-10211
10111
10211
10313
10323
-20213
20113
20213
20223
315
325
-215
115
215
225
335
20313
20323
-10213
10113
10213
10223
30313
30323
-30213
30113
30213
337
